1.00000e-06 8.5358e+02 6.7610e+02 9.5714e+02
1.09152e-06 8.4444e+02 6.6856e+02 9.4744e+02
1.19141e-06 8.3583e+02 6.6167e+02 9.3756e+02
1.30045e-06 8.2753e+02 6.5368e+02 9.2825e+02
1.41946e-06 8.1917e+02 6.4696e+02 9.1888e+02
1.54937e-06 8.1081e+02 6.3984e+02 9.0947e+02
1.69117e-06 8.0259e+02 6.3271e+02 9.0010e+02
1.84594e-06 7.9461e+02 6.2574e+02 8.9100e+02
2.01488e-06 7.8666e+02 6.1899e+02 8.8178e+02
2.19928e-06 7.7876e+02 6.1208e+02 8.7269e+02
2.40055e-06 7.7065e+02 6.0532e+02 8.6348e+02
2.62025e-06 7.6333e+02 5.9903e+02 8.5475e+02
2.86005e-06 7.5570e+02 5.9259e+02 8.4581e+02
3.12180e-06 7.4819e+02 5.8621e+02 8.3690e+02
3.40750e-06 7.4066e+02 5.8001e+02 8.2791e+02
3.71935e-06 7.3355e+02 5.7428e+02 8.1944e+02
4.05974e-06 7.2603e+02 5.6790e+02 8.1057e+02
4.43129e-06 7.1854e+02 5.6281e+02 8.0160e+02
4.83683e-06 7.1091e+02 5.5682e+02 7.9263e+02
5.27949e-06 7.0384e+02 5.5146e+02 7.8404e+02
5.76266e-06 6.9646e+02 5.4634e+02 7.7535e+02
6.29006e-06 6.8929e+02 5.4101e+02 7.6680e+02
6.86571e-06 6.8192e+02 5.3593e+02 7.5814e+02
7.49405e-06 6.7463e+02 5.3216e+02 7.4980e+02
8.17990e-06 6.6700e+02 5.2603e+02 7.4122e+02
8.92851e-06 6.5996e+02 5.2086e+02 7.3306e+02
9.74564e-06 6.5262e+02 5.1692e+02 7.2488e+02
1.06375e-05 6.4499e+02 5.1226e+02 7.1679e+02
1.16111e-05 6.3501e+02 5.0549e+02 7.0197e+02
1.26737e-05 6.1809e+02 4.9388e+02 6.9268e+02
1.38336e-05 6.0300e+02 4.8411e+02 6.8050e+02
1.50996e-05 5.8971e+02 4.7598e+02 6.6970e+02
1.64815e-05 5.7869e+02 4.6911e+02 6.6060e+02
1.79899e-05 5.6963e+02 4.6265e+02 6.5233e+02
1.96363e-05 5.6255e+02 4.5678e+02 6.4487e+02
2.14334e-05 5.5650e+02 4.5116e+02 6.3728e+02
2.33949e-05 5.4951e+02 4.4530e+02 6.2951e+02
2.55360e-05 5.4296e+02 4.3948e+02 6.2222e+02
2.78730e-05 5.3661e+02 4.3381e+02 6.1491e+02
3.04239e-05 5.3050e+02 4.2825e+02 6.0815e+02
3.32083e-05 5.2459e+02 4.2274e+02 6.0030e+02
3.62475e-05 5.1933e+02 4.1751e+02 5.9456e+02
3.95648e-05 5.1358e+02 4.1205e+02 5.8762e+02
4.31857e-05 5.0795e+02 4.0656e+02 5.8090e+02
4.71380e-05 5.0237e+02 4.0115e+02 5.7421e+02
5.14520e-05 4.9701e+02 3.9582e+02 5.6767e+02
5.61608e-05 4.9292e+02 3.9049e+02 5.6146e+02
6.13006e-05 4.8671e+02 3.8519e+02 5.5490e+02
6.69107e-05 4.8150e+02 3.7993e+02 5.4887e+02
7.30343e-05 4.7647e+02 3.7467e+02 5.4248e+02
7.97183e-05 4.7175e+02 3.6952e+02 5.3782e+02
8.70141e-05 4.6729e+02 3.6476e+02 5.3057e+02
9.49775e-05 4.6402e+02 3.5924e+02 5.2473e+02
1.03670e-04 4.5797e+02 3.5415e+02 5.1924e+02
1.13157e-04 4.5355e+02 3.4907e+02 5.1336e+02
1.23513e-04 4.4927e+02 3.4404e+02 5.0781e+02
1.34817e-04 4.4504e+02 3.3887e+02 5.0320e+02
1.47155e-04 4.4107e+02 3.2910e+02 4.9705e+02
1.60623e-04 4.3699e+02 3.2910e+02 4.9165e+02
1.75323e-04 4.3305e+02 3.2416e+02 4.8709e+02
1.91368e-04 4.2924e+02 3.1925e+02 4.8149e+02
2.08882e-04 4.2545e+02 3.1448e+02 4.7625e+02
2.27999e-04 4.2152e+02 3.1042e+02 4.7105e+02
2.48865e-04 4.1765e+02 3.0469e+02 4.6592e+02
2.71641e-04 4.1404e+02 2.9987e+02 4.6105e+02
2.96501e-04 4.1050e+02 2.9502e+02 4.5595e+02
3.23636e-04 4.0680e+02 2.9047e+02 4.5130e+02
3.53255e-04 4.0334e+02 2.8538e+02 4.4649e+02
3.85584e-04 3.9970e+02 2.8092e+02 4.4168e+02
4.20872e-04 3.9631e+02 2.7619e+02 4.3701e+02
4.59390e-04 3.9291e+02 2.7158e+02 4.3222e+02
5.01433e-04 3.8952e+02 2.6701e+02 4.2773e+02
5.47323e-04 3.8647e+02 2.6250e+02 4.2292e+02
5.97413e-04 3.8268e+02 2.5799e+02 4.1817e+02
6.52088e-04 3.7913e+02 2.5357e+02 4.1350e+02
7.11766e-04 3.7577e+02 2.4900e+02 4.0872e+02
7.76906e-04 3.7211e+02 2.4455e+02 4.0390e+02
8.48007e-04 3.6842e+02 2.4008e+02 3.9900e+02
9.25616e-04 3.6458e+02 2.3563e+02 3.9420e+02
1.01033e-03 3.6065e+02 2.3136e+02 3.8917e+02
1.10279e-03 3.5664e+02 2.2700e+02 3.8421e+02
1.20372e-03 3.5237e+02 2.2278e+02 3.7909e+02
1.31388e-03 3.4816e+02 2.1894e+02 3.7381e+02
1.43412e-03 3.4375e+02 2.1443e+02 3.6855e+02
1.56537e-03 3.3917e+02 2.1029e+02 3.6325e+02
1.70863e-03 3.3449e+02 2.0637e+02 3.5784e+02
1.86501e-03 3.2980e+02 2.0209e+02 3.5238e+02
2.03569e-03 3.2485e+02 1.9801e+02 3.4682e+02
2.22199e-03 3.1996e+02 1.9393e+02 3.4148e+02
2.42535e-03 3.1471e+02 1.8987e+02 3.3563e+02
2.64731e-03 3.0948e+02 1.8584e+02 3.3041e+02
2.88959e-03 3.0410e+02 1.8179e+02 3.2416e+02
3.15404e-03 2.9861e+02 1.7782e+02 3.1830e+02
3.44269e-03 2.9306e+02 1.7402e+02 3.1224e+02
3.75776e-03 2.8716e+02 1.7022e+02 3.0601e+02
4.10167e-03 2.8116e+02 1.6672e+02 2.9956e+02
4.47705e-03 2.7443e+02 1.6385e+02 2.9131e+02
4.88678e-03 2.6725e+02 1.6068e+02 2.8494e+02
5.33401e-03 2.6216e+02 1.5675e+02 2.8486e+02
5.82218e-03 2.5611e+02 1.5311e+02 2.7338e+02
6.35501e-03 2.4944e+02 1.4983e+02 2.6664e+02
6.93662e-03 2.4291e+02 1.4643e+02 2.6006e+02
7.57145e-03 2.3691e+02 1.4289e+02 2.5367e+02
8.26437e-03 2.3109e+02 1.3934e+02 2.4774e+02
9.02072e-03 2.2554e+02 1.3601e+02 2.4175e+02
9.84628e-03 2.1954e+02 1.3269e+02 2.3580e+02
1.07474e-02 2.1350e+02 1.2935e+02 2.2968e+02
1.17310e-02 2.0970e+02 1.2614e+02 2.2372e+02
1.28046e-02 2.0201e+02 1.2288e+02 2.1781e+02
1.39765e-02 1.9638e+02 1.1969e+02 2.1219e+02
1.52556e-02 1.9057e+02 1.1654e+02 2.0619e+02
1.66517e-02 1.8535e+02 1.1342e+02 2.0058e+02
1.81757e-02 1.8003e+02 1.1032e+02 1.9496e+02
1.98391e-02 1.7485e+02 1.0730e+02 1.8950e+02
2.16547e-02 1.6993e+02 1.0429e+02 1.8409e+02
2.36365e-02 1.6512e+02 1.0093e+02 1.7946e+02
2.57997e-02 1.5647e+02 9.6890e+01 1.7091e+02
2.81609e-02 1.5749e+02 9.7675e+01 1.7181e+02
3.07381e-02 1.6025e+02 9.5154e+01 1.6991e+02
3.35512e-02 1.5954e+02 8.6670e+01 1.6792e+02
3.66218e-02 1.5467e+02 7.9616e+01 1.6634e+02
3.99734e-02 1.4653e+02 7.7035e+01 1.6006e+02
4.36317e-02 1.3627e+02 7.8096e+01 1.4881e+02
4.76248e-02 1.2491e+02 8.0780e+01 1.3554e+02
5.19834e-02 1.1321e+02 8.3333e+01 1.2298e+02
5.67408e-02 1.0172e+02 8.4680e+01 1.1249e+02
6.19337e-02 9.0784e+01 8.4374e+01 1.0419e+02
6.76017e-02 8.0606e+01 8.2409e+01 9.7565e+01
7.37886e-02 7.1295e+01 7.9021e+01 9.1947e+01
8.05416e-02 6.2885e+01 7.4556e+01 8.6765e+01
8.79127e-02 5.5363e+01 6.9376e+01 8.1648e+01
9.59583e-02 4.8689e+01 6.3807e+01 7.6413e+01
1.04740e-01 4.2803e+01 5.8119e+01 7.1022e+01
1.14326e-01 3.7639e+01 5.2519e+01 6.5529e+01
1.24789e-01 3.3124e+01 4.7157e+01 6.0030e+01
1.36209e-01 2.9189e+01 4.2131e+01 5.4633e+01
1.48675e-01 2.5768e+01 3.7497e+01 4.9436e+01
1.62282e-01 2.2797e+01 3.3282e+01 4.4517e+01
1.77133e-01 2.0222e+01 2.9489e+01 3.9932e+01
1.93345e-01 1.7989e+01 2.6106e+01 3.5715e+01
2.11039e-01 1.6054e+01 2.3109e+01 3.1879e+01
2.30353e-01 1.4377e+01 2.0470e+01 2.8422e+01
2.51435e-01 1.2921e+01 1.8155e+01 2.5332e+01
2.74446e-01 1.1656e+01 1.6133e+01 2.2586e+01
2.99563e-01 1.0554e+01 1.4371e+01 2.0160e+01
3.26978e-01 9.5931e+00 1.2838e+01 1.8025e+01
3.56903e-01 8.7523e+00 1.1505e+01 1.6152e+01
3.89566e-01 8.0144e+00 1.0347e+01 1.4511e+01
4.25219e-01 7.3646e+00 9.3406e+00 1.3077e+01
4.64134e-01 6.7901e+00 8.4649e+00 1.1823e+01
5.06611e-01 6.2799e+00 7.7017e+00 1.0726e+01
5.52975e-01 5.8249e+00 7.0352e+00 9.7661e+00
6.03583e-01 5.4172e+00 6.4514e+00 8.9245e+00
6.58822e-01 5.0499e+00 5.9383e+00 8.1847e+00
7.19117e-01 4.7173e+00 5.4856e+00 7.5325e+00
7.84929e-01 4.4147e+00 5.0844e+00 6.9554e+00
8.56765e-01 4.1379e+00 4.7272e+00 6.4429e+00
9.35175e-01 3.8835e+00 4.4075e+00 5.9855e+00
1.02076e+00 3.6484e+00 4.1197e+00 5.5753e+00
1.11418e+00 3.4303e+00 3.8593e+00 5.2057e+00
1.21615e+00 3.2270e+00 3.6223e+00 4.8707e+00
1.32745e+00 3.0368e+00 3.4052e+00 4.5656e+00
1.44893e+00 2.8582e+00 3.2054e+00 4.2860e+00
1.58154e+00 2.6900e+00 3.0205e+00 4.0287e+00
1.72628e+00 2.5311e+00 2.8484e+00 3.7905e+00
1.88427e+00 2.3807e+00 2.6876e+00 3.5690e+00
2.05671e+00 2.2379e+00 2.5365e+00 3.3621e+00
2.24494e+00 2.1023e+00 2.3941e+00 3.1680e+00
2.45039e+00 1.9732e+00 2.2594e+00 2.9853e+00
2.67465e+00 1.8503e+00 2.1316e+00 2.8127e+00
2.91943e+00 1.7332e+00 2.0100e+00 2.6493e+00
3.18661e+00 1.6216e+00 1.8941e+00 2.4941e+00
3.47825e+00 1.5151e+00 1.7834e+00 2.3465e+00
3.79657e+00 1.4142e+00 1.6767e+00 2.2071e+00
4.14403e+00 1.3192e+00 1.5735e+00 2.0743e+00
4.52328e+00 1.2296e+00 1.4751e+00 1.9468e+00
4.93725e+00 1.1452e+00 1.3813e+00 1.8252e+00
5.38910e+00 1.0651e+00 1.2923e+00 1.7089e+00
5.88230e+00 9.9054e-01 1.2077e+00 1.5982e+00
6.42064e+00 9.1986e-01 1.1280e+00 1.4930e+00
7.00825e+00 8.5332e-01 1.0526e+00 1.3936e+00
7.64964e+00 7.9067e-01 9.8111e-01 1.2992e+00
8.34972e+00 7.3170e-01 9.1367e-01 1.2100e+00
9.11388e+00 6.7610e-01 8.4995e-01 1.1255e+00
9.94797e+00 6.2450e-01 7.8987e-01 1.0465e+00
1.08584e+01 5.7578e-01 7.3320e-01 9.7181e-01
1.18521e+01 5.3006e-01 6.7965e-01 9.0121e-01
1.29368e+01 4.8719e-01 6.2939e-01 8.3503e-01
1.41208e+01 4.4720e-01 5.8182e-01 7.7219e-01
1.54131e+01 4.0993e-01 5.3727e-01 7.1351e-01
1.68237e+01 3.7513e-01 4.9541e-01 6.5833e-01
1.83634e+01 3.4275e-01 4.5616e-01 6.0668e-01
2.00440e+01 3.1257e-01 4.1923e-01 5.5804e-01
2.18784e+01 2.8468e-01 3.8484e-01 5.1276e-01
2.38806e+01 2.5880e-01 3.5267e-01 4.6915e-01
2.60662e+01 2.3479e-01 3.2255e-01 4.3071e-01
2.84517e+01 2.1274e-01 2.9461e-01 3.9398e-01
3.10556e+01 1.9237e-01 2.6853e-01 3.5957e-01
3.38977e+01 1.7376e-01 2.4444e-01 3.2795e-01
3.70000e+01 1.5651e-01 2.2205e-01 2.9814e-01
