1.00000e-06 3.1929e+03 3.1931e+03 2.1286e+03
1.10465e-06 2.9711e+03 2.9714e+03 1.9808e+03
1.22026e-06 2.7596e+03 2.7602e+03 1.8397e+03
1.34797e-06 2.5571e+03 2.5583e+03 1.7047e+03
1.48904e-06 2.3627e+03 2.3652e+03 1.5751e+03
1.64487e-06 2.1759e+03 2.1804e+03 1.4505e+03
1.81702e-06 6.6024e+03 3.3848e+03 3.1731e+03
2.00717e-06 5.8515e+03 3.0866e+03 2.8263e+03
2.21723e-06 5.2606e+03 2.8582e+03 2.5452e+03
2.44928e-06 4.7657e+03 2.6692e+03 2.3040e+03
2.70560e-06 4.3393e+03 2.5066e+03 2.0919e+03
2.98876e-06 3.9644e+03 2.3626e+03 1.9020e+03
3.30154e-06 3.6293e+03 2.2319e+03 1.7297e+03
3.64707e-06 3.3253e+03 2.1108e+03 1.5716e+03
4.02875e-06 3.0461e+03 1.9967e+03 1.4252e+03
4.45037e-06 2.7868e+03 1.8877e+03 1.2884e+03
4.91612e-06 2.5436e+03 1.7827e+03 1.1592e+03
5.43062e-06 2.3142e+03 1.6818e+03 1.0353e+03
5.99896e-06 4.9152e+03 2.0941e+03 1.9547e+03
6.62677e-06 4.3701e+03 1.8964e+03 1.8036e+03
7.32030e-06 3.9105e+03 1.7500e+03 1.6601e+03
8.08640e-06 3.5108e+03 1.6336e+03 1.5232e+03
8.93267e-06 3.1562e+03 1.5358e+03 1.3919e+03
9.86752e-06 2.8360e+03 1.4498e+03 1.2649e+03
1.09002e-05 2.5430e+03 1.3713e+03 1.1408e+03
1.20410e-05 2.2728e+03 1.2982e+03 1.0173e+03
1.33011e-05 3.9453e+03 1.5158e+03 1.3205e+03
1.46931e-05 3.5173e+03 1.3776e+03 1.2409e+03
1.62308e-05 3.1216e+03 1.2695e+03 1.1569e+03
1.79294e-05 2.7599e+03 1.1801e+03 1.0695e+03
1.98058e-05 2.4291e+03 1.1018e+03 9.7819e+02
2.18786e-05 2.1271e+03 1.0286e+03 8.8082e+02
2.41683e-05 3.0577e+03 1.0773e+03 9.4431e+02
2.66976e-05 2.7323e+03 9.9399e+02 8.8772e+02
2.94916e-05 2.3974e+03 9.1783e+02 8.2540e+02
3.25781e-05 2.0763e+03 8.4570e+02 7.5689e+02
3.59875e-05 1.7822e+03 7.6831e+02 6.7813e+02
3.97537e-05 2.0925e+03 6.9564e+02 6.4180e+02
4.39141e-05 1.8536e+03 6.5025e+02 5.9629e+02
4.85100e-05 1.5946e+03 5.9771e+02 5.4507e+02
5.35867e-05 1.3494e+03 5.2966e+02 4.8352e+02
5.91948e-05 1.2521e+03 4.3763e+02 4.1596e+02
6.53898e-05 1.0894e+03 4.0092e+02 3.7361e+02
7.22332e-05 9.2176e+02 3.6171e+02 3.3117e+02
7.97927e-05 7.6194e+02 4.0029e+02 3.2632e+02
8.81433e-05 6.1620e+02 3.1596e+02 2.6301e+02
9.73679e-05 5.2010e+02 2.7468e+02 2.2223e+02
1.07558e-04 6.5264e+02 5.1221e+02 3.4176e+02
1.18814e-04 4.9864e+02 3.7710e+02 2.5805e+02
1.31249e-04 4.5249e+02 3.2396e+02 2.1548e+02
1.44985e-04 8.3481e+02 5.7409e+02 3.8938e+02
1.60158e-04 7.6758e+02 4.6191e+02 3.2015e+02
1.76919e-04 1.1477e+03 5.9202e+02 4.5488e+02
1.95434e-04 1.1917e+03 5.0981e+02 4.0853e+02
2.15887e-04 1.2715e+03 4.4750e+02 3.9427e+02
2.38481e-04 1.4111e+03 4.0386e+02 3.8640e+02
2.63439e-04 1.4726e+03 4.4546e+02 3.3661e+02
2.91009e-04 1.4178e+03 3.2457e+02 3.0541e+02
3.21465e-04 1.5682e+03 5.2939e+02 3.2306e+02
3.55107e-04 1.2992e+03 3.7758e+02 2.7104e+02
3.92271e-04 1.3257e+03 5.1266e+02 3.2612e+02
4.33324e-04 1.0476e+03 4.2713e+02 3.0050e+02
4.78673e-04 8.9139e+02 3.9900e+02 3.1665e+02
5.28768e-04 7.4384e+02 4.1750e+02 2.8261e+02
5.84106e-04 6.0721e+02 3.1762e+02 2.7239e+02
6.45235e-04 6.9745e+02 4.3033e+02 2.6076e+02
7.12762e-04 8.0162e+02 4.1835e+02 2.5338e+02
7.87356e-04 9.3777e+02 3.9409e+02 2.6616e+02
8.69756e-04 1.0113e+03 3.3497e+02 2.5061e+02
9.60780e-04 1.0893e+03 3.9377e+02 2.3476e+02
1.06133e-03 1.0911e+03 4.0011e+02 2.2575e+02
1.17240e-03 8.7398e+02 3.5165e+02 2.2787e+02
1.29510e-03 7.7202e+02 3.1986e+02 2.2683e+02
1.43064e-03 6.2234e+02 3.4617e+02 2.0541e+02
1.58036e-03 6.9495e+02 3.6597e+02 2.0406e+02
1.74575e-03 7.5359e+02 3.1478e+02 1.9658e+02
1.92845e-03 8.8691e+02 3.5730e+02 1.9483e+02
2.13027e-03 9.6040e+02 3.2670e+02 1.8580e+02
2.35322e-03 8.1472e+02 3.1569e+02 1.8412e+02
2.59949e-03 7.2500e+02 3.3749e+02 1.8107e+02
2.87154e-03 6.7367e+02 2.9366e+02 1.7550e+02
3.17206e-03 6.5729e+02 2.8691e+02 1.6945e+02
3.50403e-03 8.1711e+02 3.1299e+02 1.8739e+02
3.87074e-03 8.7740e+02 2.7832e+02 1.6198e+02
4.27583e-03 7.2025e+02 2.8539e+02 1.6681e+02
4.72331e-03 6.1787e+02 2.8422e+02 1.7061e+02
5.21763e-03 7.4250e+02 2.5414e+02 1.5076e+02
5.76368e-03 8.0191e+02 2.5681e+02 1.5141e+02
6.36687e-03 7.2469e+02 2.5982e+02 1.5464e+02
7.03319e-03 6.8924e+02 2.3201e+02 1.4022e+02
7.76925e-03 6.8853e+02 2.3597e+02 1.3929e+02
8.58233e-03 7.2446e+02 2.3409e+02 1.4049e+02
9.48051e-03 6.9498e+02 2.1188e+02 1.3191e+02
1.04727e-02 6.6397e+02 2.1039e+02 1.1813e+02
1.15687e-02 6.7164e+02 2.1179e+02 1.2930e+02
1.27794e-02 7.0161e+02 1.9327e+02 1.2470e+02
1.41168e-02 6.3806e+02 1.8906e+02 1.1159e+02
1.55942e-02 5.7506e+02 1.9351e+02 1.1767e+02
1.72262e-02 6.4366e+02 1.7710e+02 1.1712e+02
1.90290e-02 6.7434e+02 1.7712e+02 1.0606e+02
2.10205e-02 6.1486e+02 1.7364e+02 1.0208e+02
2.32204e-02 6.2398e+02 1.6799e+02 1.0192e+02
2.56505e-02 6.3455e+02 1.5742e+02 9.6742e+01
2.83350e-02 5.7613e+02 1.5822e+02 9.8634e+01
3.13003e-02 5.8063e+02 1.6074e+02 9.3040e+01
3.45760e-02 6.1259e+02 1.5845e+02 8.3333e+01
3.81946e-02 5.6443e+02 1.5116e+02 7.7707e+01
4.21918e-02 5.6003e+02 1.4040e+02 7.7483e+01
4.66074e-02 5.8587e+02 1.2777e+02 8.0229e+01
5.14850e-02 5.4203e+02 1.1449e+02 8.3238e+01
5.68732e-02 5.4248e+02 1.0141e+02 8.4795e+01
6.28252e-02 5.5985e+02 8.9055e+01 8.4226e+01
6.94001e-02 5.1950e+02 7.7710e+01 8.1561e+01
7.66632e-02 5.2495e+02 6.7503e+01 7.7195e+01
8.46863e-02 5.3453e+02 5.8459e+01 7.1652e+01
9.35491e-02 4.9832e+02 5.0535e+01 6.5438e+01
1.03339e-01 5.0581e+02 4.3653e+01 5.8979e+01
1.14154e-01 5.1087e+02 3.7716e+01 5.2600e+01
1.26101e-01 4.7858e+02 3.2620e+01 4.6524e+01
1.39298e-01 4.8419e+02 2.8263e+01 4.0893e+01
1.53876e-01 4.8950e+02 2.4547e+01 3.5780e+01
1.69980e-01 4.6056e+02 2.1386e+01 3.1213e+01
1.87769e-01 4.5973e+02 1.8697e+01 2.7184e+01
2.07420e-01 4.6922e+02 1.6413e+01 2.3665e+01
2.29128e-01 4.4618e+02 1.4471e+01 2.0615e+01
2.53107e-01 4.3366e+02 1.2817e+01 1.7988e+01
2.79596e-01 4.4516e+02 1.1408e+01 1.5735e+01
3.08857e-01 4.3648e+02 1.0203e+01 1.3808e+01
3.41180e-01 4.1353e+02 9.1701e+00 1.2165e+01
3.76886e-01 4.1267e+02 8.2813e+00 1.0763e+01
4.16329e-01 4.2074e+02 7.5133e+00 9.5689e+00
4.59899e-01 4.0843e+02 6.8464e+00 8.5495e+00
5.08030e-01 3.8805e+02 6.2641e+00 7.6778e+00
5.61197e-01 3.8488e+02 5.7526e+00 6.9303e+00
6.19929e-01 3.9239e+02 5.3007e+00 6.2869e+00
6.84807e-01 3.8803e+02 4.8986e+00 5.7306e+00
7.56475e-01 3.6980e+02 4.5386e+00 5.2471e+00
8.35644e-01 3.5528e+02 4.2141e+00 4.8244e+00
9.23098e-01 3.5494e+02 3.9197e+00 4.4523e+00
1.01970e+00 3.6070e+02 3.6509e+00 4.1225e+00
1.12642e+00 3.5878e+02 3.4040e+00 3.8282e+00
1.24431e+00 3.4545e+02 3.1759e+00 3.5634e+00
1.37453e+00 3.2864e+02 2.9643e+00 3.3235e+00
1.51838e+00 3.1824e+02 2.7670e+00 3.1046e+00
1.67728e+00 3.1738e+02 2.5823e+00 2.9035e+00
1.85282e+00 3.2145e+02 2.4089e+00 2.7175e+00
2.04672e+00 3.2311e+02 2.2456e+00 2.5445e+00
2.26092e+00 3.1777e+02 2.0915e+00 2.3828e+00
2.49754e+00 3.0576e+02 1.9459e+00 2.2309e+00
2.75892e+00 2.9104e+02 1.8081e+00 2.0877e+00
3.04765e+00 2.7828e+02 1.6777e+00 1.9523e+00
3.36660e+00 2.7054e+02 1.5541e+00 1.8239e+00
3.71893e+00 2.6824e+02 1.4374e+00 1.7015e+00
4.10813e+00 2.6967e+02 1.3284e+00 1.5836e+00
4.53806e+00 2.7210e+02 1.2263e+00 1.4715e+00
5.01299e+00 2.7294e+02 1.1309e+00 1.3655e+00
5.53762e+00 2.7053e+02 1.0417e+00 1.2656e+00
6.11716e+00 2.6438e+02 9.5834e-01 1.1716e+00
6.75735e+00 2.5503e+02 8.8046e-01 1.0834e+00
7.46453e+00 2.4363e+02 8.0776e-01 1.0006e+00
8.24573e+00 2.3161e+02 7.3993e-01 9.2301e-01
9.10868e+00 2.2025e+02 6.7673e-01 8.5028e-01
1.00619e+01 2.1050e+02 6.1789e-01 7.8218e-01
1.11150e+01 2.0292e+02 5.6318e-01 7.1845e-01
1.22782e+01 1.9765e+02 5.1238e-01 6.5888e-01
1.35632e+01 1.9450e+02 4.6529e-01 6.0324e-01
1.49826e+01 1.9306e+02 4.2169e-01 5.5133e-01
1.65506e+01 1.9284e+02 3.8142e-01 5.0297e-01
1.82827e+01 1.9326e+02 3.4427e-01 4.5797e-01
2.01961e+01 1.9382e+02 3.1009e-01 4.1617e-01
2.23097e+01 1.9409e+02 2.7869e-01 3.7742e-01
2.46445e+01 1.9374e+02 2.4993e-01 3.4154e-01
2.72236e+01 1.9254e+02 2.2363e-01 3.0841e-01
3.00727e+01 1.9038e+02 1.9964e-01 2.7787e-01
3.32200e+01 1.8719e+02 1.7782e-01 2.4979e-01
3.66966e+01 1.8303e+02 1.5802e-01 2.2403e-01
4.05370e+01 1.7795e+02 1.4010e-01 2.0046e-01
4.47794e+01 1.7209e+02 1.2393e-01 1.7895e-01
4.94658e+01 1.6557e+02 1.0937e-01 1.5936e-01
5.46426e+01 1.5854e+02 9.6299e-02 1.4158e-01
6.03612e+01 1.5112e+02 8.4597e-02 1.2548e-01
6.66783e+01 1.4346e+02 7.4150e-02 1.1095e-01
7.36564e+01 1.3566e+02 6.4848e-02 9.7872e-02
8.13649e+01 1.2785e+02 5.6589e-02 8.6130e-02
8.98801e+01 1.2012e+02 4.9276e-02 7.5621e-02
9.92864e+01 1.1253e+02 4.2818e-02 6.6242e-02
1.09677e+02 1.0516e+02 3.7130e-02 5.7895e-02
1.21155e+02 9.8054e+01 3.2134e-02 5.0489e-02
1.33835e+02 9.1248e+01 2.7756e-02 4.3935e-02
1.47841e+02 8.4768e+01 2.3930e-02 3.8152e-02
1.63314e+02 7.8631e+01 2.0593e-02 3.3062e-02
1.80405e+02 7.2845e+01 1.7691e-02 2.8594e-02
1.99285e+02 6.7411e+01 1.5172e-02 2.4683e-02
2.20141e+02 6.2327e+01 1.2991e-02 2.1267e-02
2.43180e+02 5.7584e+01 1.1106e-02 1.8292e-02
2.68630e+02 5.3172e+01 9.4809e-03 1.5705e-02
2.96743e+02 4.9077e+01 8.0818e-03 1.3462e-02
3.27799e+02 4.5284e+01 6.8799e-03 1.1522e-02
3.62104e+02 4.1778e+01 5.8491e-03 9.8458e-03
4.00000e+02 3.8541e+01 4.9667e-03 8.4015e-03
