1.00000e-06 1.2859e+03 9.7718e+02 1.3975e+03
1.09152e-06 1.2711e+03 9.6975e+02 1.3870e+03
1.19141e-06 1.2560e+03 9.6213e+02 1.3754e+03
1.30045e-06 1.2435e+03 9.5698e+02 1.3667e+03
1.41946e-06 1.2275e+03 9.4955e+02 1.3543e+03
1.54937e-06 1.2146e+03 9.4348e+02 1.3450e+03
1.69117e-06 1.2017e+03 9.3809e+02 1.3372e+03
1.84594e-06 1.1890e+03 9.3233e+02 1.3288e+03
2.01488e-06 1.1780e+03 9.3012e+02 1.3232e+03
2.19928e-06 1.1643e+03 9.2429e+02 1.3140e+03
2.40055e-06 1.1582e+03 9.2533e+02 1.3119e+03
2.62025e-06 1.1509e+03 9.2606e+02 1.3097e+03
2.86005e-06 1.1448e+03 9.2477e+02 1.3069e+03
3.12180e-06 1.1427e+03 9.2948e+02 1.3088e+03
3.40750e-06 1.1400e+03 9.3371e+02 1.3085e+03
3.71935e-06 1.1430e+03 9.4072e+02 1.3113e+03
4.05974e-06 1.1475e+03 9.4518e+02 1.3142e+03
4.43129e-06 1.1549e+03 9.5405e+02 1.3213e+03
4.83683e-06 1.1702e+03 9.6098e+02 1.3318e+03
5.27949e-06 1.1863e+03 9.6269e+02 1.3407e+03
5.76266e-06 1.2131e+03 9.6431e+02 1.3565e+03
6.29006e-06 1.2443e+03 9.6004e+02 1.3797e+03
6.86571e-06 1.2789e+03 9.5231e+02 1.4010e+03
7.49405e-06 1.3084e+03 9.4360e+02 1.4287e+03
8.17990e-06 1.3257e+03 9.4289e+02 1.4428e+03
8.92851e-06 1.3103e+03 9.4676e+02 1.4356e+03
9.74564e-06 1.2839e+03 9.3862e+02 1.4135e+03
1.06375e-05 1.2608e+03 9.3004e+02 1.3966e+03
1.16111e-05 1.2527e+03 9.3379e+02 1.3920e+03
1.26737e-05 1.2545e+03 9.3685e+02 1.3913e+03
1.38336e-05 1.2781e+03 9.3645e+02 1.4084e+03
1.50996e-05 1.3074e+03 9.3294e+02 1.4262e+03
1.64815e-05 1.3296e+03 9.3113e+02 1.4436e+03
1.79899e-05 1.3488e+03 9.3231e+02 1.4594e+03
1.96363e-05 1.3634e+03 9.3190e+02 1.4751e+03
2.14334e-05 1.3721e+03 9.2849e+02 1.4759e+03
2.33949e-05 1.3763e+03 9.2874e+02 1.4765e+03
2.55360e-05 1.3683e+03 9.2578e+02 1.4719e+03
2.78730e-05 1.3759e+03 9.3218e+02 1.4755e+03
3.04239e-05 1.3629e+03 9.2493e+02 1.4675e+03
3.32083e-05 1.3604e+03 9.2370e+02 1.4647e+03
3.62475e-05 1.3674e+03 9.1852e+02 1.4689e+03
3.95648e-05 1.3800e+03 9.1144e+02 1.4738e+03
4.31857e-05 1.3944e+03 8.9923e+02 1.4834e+03
4.71380e-05 1.4153e+03 8.8702e+02 1.4862e+03
5.14520e-05 1.3291e+03 8.4158e+02 1.4114e+03
5.61608e-05 1.2440e+03 8.1031e+02 1.3335e+03
6.13006e-05 1.1976e+03 7.6964e+02 1.2795e+03
6.69107e-05 1.1984e+03 7.7869e+02 1.2763e+03
7.30343e-05 1.1840e+03 7.3518e+02 1.2572e+03
7.97183e-05 1.1394e+03 7.1572e+02 1.2151e+03
8.70141e-05 1.0535e+03 6.6264e+02 1.1221e+03
9.49775e-05 9.3636e+02 6.0278e+02 1.0086e+03
1.03670e-04 9.3361e+02 5.9596e+02 1.0046e+03
1.13157e-04 9.2861e+02 5.8602e+02 9.9739e+02
1.23513e-04 9.1881e+02 5.7747e+02 9.8006e+02
1.34817e-04 9.0509e+02 5.6746e+02 9.6565e+02
1.47155e-04 8.8402e+02 5.5917e+02 9.4550e+02
1.60623e-04 8.7032e+02 5.4977e+02 9.3189e+02
1.75323e-04 8.4056e+02 5.3432e+02 9.0418e+02
1.91368e-04 8.6294e+02 5.4379e+02 9.1489e+02
2.08882e-04 8.9778e+02 5.1842e+02 9.4199e+02
2.27999e-04 9.2631e+02 4.8567e+02 9.6420e+02
2.48865e-04 9.3729e+02 4.7090e+02 9.6785e+02
2.71641e-04 9.2798e+02 4.7385e+02 9.5138e+02
2.96501e-04 9.1202e+02 4.8850e+02 9.2154e+02
3.23636e-04 8.9116e+02 5.0815e+02 8.9234e+02
3.53255e-04 8.4815e+02 5.3336e+02 8.5289e+02
3.85584e-04 7.9578e+02 5.5684e+02 8.1403e+02
4.20872e-04 7.3963e+02 5.6790e+02 7.8728e+02
4.59390e-04 6.8788e+02 5.6439e+02 7.6656e+02
5.01433e-04 6.3692e+02 5.5204e+02 7.4306e+02
5.47323e-04 5.9107e+02 5.3183e+02 7.2003e+02
5.97413e-04 5.4846e+02 5.0223e+02 6.9148e+02
6.52088e-04 5.0773e+02 4.6959e+02 6.6036e+02
7.11766e-04 4.6904e+02 4.3900e+02 6.2446e+02
7.76906e-04 4.3267e+02 4.1152e+02 5.8455e+02
8.48007e-04 3.9911e+02 3.8576e+02 5.4340e+02
9.25616e-04 3.6832e+02 3.6186e+02 5.0504e+02
1.01033e-03 3.4084e+02 3.3866e+02 4.6940e+02
1.10279e-03 3.1512e+02 3.1591e+02 4.3737e+02
1.20372e-03 2.9242e+02 2.9433e+02 4.0812e+02
1.31388e-03 2.7192e+02 2.7346e+02 3.8121e+02
1.43412e-03 2.5384e+02 2.5389e+02 3.5648e+02
1.56537e-03 2.3730e+02 2.3535e+02 3.3352e+02
1.70863e-03 2.2286e+02 2.1811e+02 3.1232e+02
1.86501e-03 2.1011e+02 2.0222e+02 2.9245e+02
2.03569e-03 1.9874e+02 1.8801e+02 2.7413e+02
2.22199e-03 1.8905e+02 1.7485e+02 2.5747e+02
2.42535e-03 1.7989e+02 1.6319e+02 2.4202e+02
2.64731e-03 1.7196e+02 1.5256e+02 2.2811e+02
2.88959e-03 1.6465e+02 1.4343e+02 2.1512e+02
3.15404e-03 1.5811e+02 1.3463e+02 2.0350e+02
3.44269e-03 1.5218e+02 1.2723e+02 1.9309e+02
3.75776e-03 1.4685e+02 1.2049e+02 1.8339e+02
4.10167e-03 1.4199e+02 1.1453e+02 1.7517e+02
4.47705e-03 1.3760e+02 1.0916e+02 1.6759e+02
4.88678e-03 1.3356e+02 1.0429e+02 1.6077e+02
5.33401e-03 1.2981e+02 9.9892e+01 1.5442e+02
5.82218e-03 1.2624e+02 9.6150e+01 1.4893e+02
6.35501e-03 1.2277e+02 9.2433e+01 1.4364e+02
6.93662e-03 1.1957e+02 8.9251e+01 1.3882e+02
7.57145e-03 1.1636e+02 8.6353e+01 1.3427e+02
8.26437e-03 1.1275e+02 8.3681e+01 1.3011e+02
9.02072e-03 1.1045e+02 8.1206e+01 1.2623e+02
9.84628e-03 1.0765e+02 7.8848e+01 1.2259e+02
1.07474e-02 1.0505e+02 7.6664e+01 1.1923e+02
1.17310e-02 1.0230e+02 7.4591e+01 1.1606e+02
1.28046e-02 1.0000e+02 7.2681e+01 1.1311e+02
1.39765e-02 9.7514e+01 7.0746e+01 1.1024e+02
1.52556e-02 9.5108e+01 6.9086e+01 1.0735e+02
1.66517e-02 9.2782e+01 6.7265e+01 1.0468e+02
1.81757e-02 9.0522e+01 6.5603e+01 1.0212e+02
1.98391e-02 8.8363e+01 6.3985e+01 9.9680e+01
2.16547e-02 8.6099e+01 6.2428e+01 9.7189e+01
2.36365e-02 8.4439e+01 6.1060e+01 9.5193e+01
2.57997e-02 8.2745e+01 5.9136e+01 9.3219e+01
2.81609e-02 8.0280e+01 5.7659e+01 9.0897e+01
3.07381e-02 7.7809e+01 5.6736e+01 8.7923e+01
3.35512e-02 7.4796e+01 5.6306e+01 8.4726e+01
3.66218e-02 7.2065e+01 5.5533e+01 8.1935e+01
3.99734e-02 6.9215e+01 5.4639e+01 7.9262e+01
4.36317e-02 6.6293e+01 5.3315e+01 7.7007e+01
4.76248e-02 6.4932e+01 5.2425e+01 7.5877e+01
5.19834e-02 6.3579e+01 5.0002e+01 7.4367e+01
5.67408e-02 6.1294e+01 4.7522e+01 7.2758e+01
6.19337e-02 5.8283e+01 4.6137e+01 7.0257e+01
6.76017e-02 5.4871e+01 4.5501e+01 6.6432e+01
7.37886e-02 5.1314e+01 4.5043e+01 6.2466e+01
8.05416e-02 4.7781e+01 4.4390e+01 5.8912e+01
8.79127e-02 4.4375e+01 4.3388e+01 5.5875e+01
9.59583e-02 4.1151e+01 4.2025e+01 5.3236e+01
1.04740e-01 3.8138e+01 4.0361e+01 5.0827e+01
1.14326e-01 3.5341e+01 3.8483e+01 4.8512e+01
1.24789e-01 3.2753e+01 3.6479e+01 4.6213e+01
1.36209e-01 3.0360e+01 3.4427e+01 4.3891e+01
1.48675e-01 2.8143e+01 3.2388e+01 4.1551e+01
1.62282e-01 2.6073e+01 3.0410e+01 3.9201e+01
1.77133e-01 2.4123e+01 2.8518e+01 3.6867e+01
1.93345e-01 2.2284e+01 2.6698e+01 3.4608e+01
2.11039e-01 2.0562e+01 2.4923e+01 3.2440e+01
2.30353e-01 1.8968e+01 2.3193e+01 3.0356e+01
2.51435e-01 1.7503e+01 2.1526e+01 2.8339e+01
2.74446e-01 1.6158e+01 1.9941e+01 2.6394e+01
2.99563e-01 1.4928e+01 1.8455e+01 2.4531e+01
3.26978e-01 1.3796e+01 1.7076e+01 2.2759e+01
3.56903e-01 1.2753e+01 1.5803e+01 2.1092e+01
3.89566e-01 1.1790e+01 1.4629e+01 1.9535e+01
4.25219e-01 1.0899e+01 1.3550e+01 1.8085e+01
4.64134e-01 1.0064e+01 1.2556e+01 1.6741e+01
5.06611e-01 9.2913e+00 1.1632e+01 1.5503e+01
5.52975e-01 8.5759e+00 1.0768e+01 1.4358e+01
6.03583e-01 7.9165e+00 9.9585e+00 1.3298e+01
6.58822e-01 7.3106e+00 9.2025e+00 1.2314e+01
7.19117e-01 6.7550e+00 8.4988e+00 1.1397e+01
7.84929e-01 6.2459e+00 7.8466e+00 1.0543e+01
8.56765e-01 5.7798e+00 7.2444e+00 9.7505e+00
9.35175e-01 5.3528e+00 6.6906e+00 9.0160e+00
1.02076e+00 4.9611e+00 6.1817e+00 8.3367e+00
1.11418e+00 4.6012e+00 5.7155e+00 7.7101e+00
1.21615e+00 4.2656e+00 5.2885e+00 7.1330e+00
1.32745e+00 3.9649e+00 4.8974e+00 6.6020e+00
1.44893e+00 3.6830e+00 4.5391e+00 6.1140e+00
1.58154e+00 3.4221e+00 4.2104e+00 5.6656e+00
1.72628e+00 3.1800e+00 3.9084e+00 5.2530e+00
1.88427e+00 2.9551e+00 3.6304e+00 4.8732e+00
2.05671e+00 2.7457e+00 3.3739e+00 4.5230e+00
2.24494e+00 2.5505e+00 3.1369e+00 4.1998e+00
2.45039e+00 2.3682e+00 2.9175e+00 3.9008e+00
2.67465e+00 2.1976e+00 2.7137e+00 3.6239e+00
2.91943e+00 2.0378e+00 2.5242e+00 3.3668e+00
3.18661e+00 1.8883e+00 2.3474e+00 3.1278e+00
3.47825e+00 1.7483e+00 2.1824e+00 2.9053e+00
3.79657e+00 1.6174e+00 2.0282e+00 2.6978e+00
4.14403e+00 1.4944e+00 1.8836e+00 2.5041e+00
4.52328e+00 1.3793e+00 1.7481e+00 2.3230e+00
4.93725e+00 1.2715e+00 1.6209e+00 2.1535e+00
5.38910e+00 1.1703e+00 1.5015e+00 1.9947e+00
5.88230e+00 1.0760e+00 1.3894e+00 1.8460e+00
6.42064e+00 9.8779e-01 1.2840e+00 1.7066e+00
7.00825e+00 9.0555e-01 1.1850e+00 1.5754e+00
7.64964e+00 8.2903e-01 1.0931e+00 1.4538e+00
8.34972e+00 7.5775e-01 1.0061e+00 1.3390e+00
9.11388e+00 6.9156e-01 9.2501e-01 1.2322e+00
9.94797e+00 6.3027e-01 8.4921e-01 1.1325e+00
1.08584e+01 5.7330e-01 7.7833e-01 1.0388e+00
1.18521e+01 5.2058e-01 7.1243e-01 9.5154e-01
1.29368e+01 4.7199e-01 6.5081e-01 8.7042e-01
1.41208e+01 4.2717e-01 5.9353e-01 7.9483e-01
1.54131e+01 3.8597e-01 5.4063e-01 7.2472e-01
1.68237e+01 3.4819e-01 4.9145e-01 6.5978e-01
1.83634e+01 3.1354e-01 4.4594e-01 5.9962e-01
2.00440e+01 2.8186e-01 4.0406e-01 5.4401e-01
2.18784e+01 2.5296e-01 3.6535e-01 4.9271e-01
2.38806e+01 2.2667e-01 3.2984e-01 4.4555e-01
2.60662e+01 2.0271e-01 2.9723e-01 4.0212e-01
2.84517e+01 1.8105e-01 2.6740e-01 3.6249e-01
3.10556e+01 1.6140e-01 2.4027e-01 3.2693e-01
3.38977e+01 1.4363e-01 2.1533e-01 2.9281e-01
3.70000e+01 1.2760e-01 1.9272e-01 2.6254e-01
