1.00000e-06 1.5980e+03 1.4429e+03 9.6540e+02
1.10465e-06 1.5892e+03 1.4432e+03 9.6875e+02
1.22026e-06 1.5815e+03 1.4250e+03 9.7133e+02
1.34797e-06 1.5767e+03 1.3974e+03 9.7343e+02
1.48904e-06 1.5758e+03 1.3662e+03 9.7508e+02
1.64487e-06 1.5791e+03 1.3354e+03 9.7608e+02
1.81702e-06 1.5863e+03 1.3075e+03 9.7600e+02
2.00717e-06 1.5964e+03 1.2842e+03 9.7425e+02
2.21723e-06 1.6080e+03 1.2661e+03 9.7014e+02
2.44928e-06 1.9834e+03 1.3259e+03 1.1085e+03
2.70560e-06 2.4069e+03 1.2915e+03 1.1713e+03
2.98876e-06 2.3387e+03 1.2543e+03 1.1615e+03
3.30154e-06 2.3034e+03 1.2366e+03 1.1514e+03
3.64707e-06 2.2842e+03 1.2279e+03 1.1407e+03
4.02875e-06 2.2729e+03 1.2243e+03 1.1293e+03
4.45037e-06 2.2646e+03 1.2242e+03 1.1172e+03
4.91612e-06 2.2552e+03 1.2270e+03 1.1036e+03
5.43062e-06 3.4148e+03 1.6503e+03 1.1581e+03
5.99896e-06 3.1908e+03 1.4683e+03 1.1151e+03
6.62677e-06 3.3806e+03 1.3856e+03 1.2156e+03
7.32030e-06 3.2260e+03 1.3088e+03 1.2017e+03
8.08640e-06 3.1080e+03 1.2662e+03 1.1925e+03
8.93267e-06 4.4916e+03 2.2307e+03 1.5715e+03
9.86752e-06 4.6987e+03 1.9650e+03 1.4396e+03
1.09002e-05 4.3152e+03 1.7047e+03 1.3195e+03
1.20410e-05 4.0015e+03 1.5321e+03 1.2429e+03
1.33011e-05 4.2449e+03 1.7099e+03 1.3651e+03
1.46931e-05 3.9949e+03 1.6335e+03 1.3351e+03
1.62308e-05 5.1683e+03 1.8614e+03 1.4825e+03
1.79294e-05 4.8255e+03 1.6433e+03 1.3999e+03
1.98058e-05 4.4583e+03 1.5027e+03 1.3111e+03
2.18786e-05 4.5015e+03 1.4945e+03 1.2729e+03
2.41683e-05 4.5150e+03 1.3676e+03 1.2624e+03
2.66976e-05 4.4310e+03 1.2149e+03 1.1800e+03
2.94916e-05 4.0392e+03 1.1062e+03 1.0801e+03
3.25781e-05 3.9868e+03 1.0806e+03 1.0102e+03
3.59875e-05 3.5291e+03 9.7204e+02 9.0009e+02
3.97537e-05 3.1682e+03 8.2154e+02 7.8947e+02
4.39141e-05 2.7862e+03 7.2638e+02 6.9497e+02
4.85100e-05 2.6607e+03 1.0749e+03 7.7391e+02
5.35867e-05 2.1728e+03 8.3197e+02 6.5298e+02
5.91948e-05 1.8021e+03 6.9123e+02 5.4857e+02
6.53898e-05 2.0055e+03 1.1595e+03 7.8390e+02
7.22332e-05 1.6044e+03 9.3764e+02 6.7136e+02
7.97927e-05 1.8425e+03 1.2027e+03 7.9262e+02
8.81433e-05 1.6500e+03 1.0246e+03 7.5712e+02
9.73679e-05 1.5748e+03 8.7745e+02 7.1509e+02
1.07558e-04 1.7128e+03 1.0115e+03 6.9267e+02
1.18814e-04 1.7257e+03 8.9592e+02 6.4475e+02
1.31249e-04 1.9917e+03 1.0238e+03 6.1116e+02
1.44985e-04 2.1332e+03 1.0590e+03 5.8791e+02
1.60158e-04 2.0744e+03 8.8956e+02 5.6288e+02
1.76919e-04 2.1693e+03 9.4299e+02 5.2461e+02
1.95434e-04 2.4813e+03 9.2437e+02 6.4432e+02
2.15887e-04 2.2488e+03 7.9827e+02 5.6227e+02
2.38481e-04 2.2136e+03 1.0135e+03 5.6319e+02
2.63439e-04 1.9923e+03 9.6353e+02 5.3409e+02
2.91009e-04 1.9966e+03 9.4216e+02 5.7101e+02
3.21465e-04 1.9013e+03 9.5192e+02 5.3644e+02
3.55107e-04 1.6753e+03 8.7959e+02 5.5611e+02
3.92271e-04 1.5573e+03 7.7813e+02 5.6677e+02
4.33324e-04 1.5978e+03 7.0882e+02 5.8159e+02
4.78673e-04 1.5826e+03 6.8991e+02 5.5157e+02
5.28768e-04 1.5590e+03 6.1181e+02 5.1789e+02
5.84106e-04 1.6460e+03 5.4036e+02 4.9456e+02
6.45235e-04 1.6795e+03 5.2971e+02 4.6395e+02
7.12762e-04 1.7432e+03 4.7098e+02 4.3625e+02
7.87356e-04 1.7920e+03 4.3228e+02 4.1649e+02
8.69756e-04 1.7964e+03 3.8399e+02 3.8013e+02
9.60780e-04 1.8248e+03 3.4036e+02 3.5960e+02
1.06133e-03 1.7603e+03 3.3003e+02 3.2279e+02
1.17240e-03 1.7181e+03 3.0797e+02 2.9847e+02
1.29510e-03 1.6368e+03 2.8146e+02 2.7648e+02
1.43064e-03 1.5719e+03 2.4973e+02 2.5439e+02
1.58036e-03 1.4962e+03 2.3934e+02 2.3050e+02
1.74575e-03 1.4873e+03 2.2775e+02 2.1146e+02
1.92845e-03 1.5097e+03 2.1011e+02 1.9335e+02
2.13027e-03 1.5576e+03 1.9329e+02 1.8027e+02
2.35322e-03 1.5936e+03 1.8123e+02 1.6512e+02
2.59949e-03 1.5971e+03 1.7819e+02 1.5169e+02
2.87154e-03 1.5737e+03 1.6759e+02 1.4173e+02
3.17206e-03 1.5323e+03 1.5808e+02 1.3270e+02
3.50403e-03 1.4983e+03 1.5368e+02 1.2338e+02
3.87074e-03 1.4875e+03 1.4866e+02 1.1702e+02
4.27583e-03 1.4905e+03 1.3919e+02 1.1033e+02
4.72331e-03 1.4638e+03 1.3602e+02 1.0375e+02
5.21763e-03 1.4003e+03 1.3351e+02 1.0133e+02
5.76368e-03 1.3424e+03 1.3144e+02 9.7344e+01
6.36687e-03 1.3263e+03 1.2319e+02 9.1036e+01
7.03319e-03 1.3277e+03 1.1795e+02 8.7121e+01
7.76925e-03 1.3113e+03 1.1545e+02 8.4365e+01
8.58233e-03 1.2660e+03 1.1470e+02 8.2430e+01
9.48051e-03 1.2278e+03 1.1127e+02 8.0544e+01
1.04727e-02 1.2162e+03 1.0886e+02 7.7688e+01
1.15687e-02 1.2083e+03 1.0495e+02 7.5640e+01
1.27794e-02 1.1728e+03 1.0121e+02 7.3591e+01
1.41168e-02 1.1351e+03 9.8086e+01 7.0547e+01
1.55942e-02 1.1167e+03 9.5370e+01 6.9016e+01
1.72262e-02 1.0934e+03 9.2694e+01 6.7353e+01
1.90290e-02 1.0547e+03 9.0547e+01 6.5699e+01
2.10205e-02 1.0232e+03 8.7742e+01 6.3330e+01
2.32204e-02 9.9555e+02 8.5436e+01 6.1127e+01
2.56505e-02 9.5116e+02 8.3022e+01 5.8375e+01
2.83350e-02 9.0702e+02 7.9576e+01 5.6358e+01
3.13003e-02 8.7351e+02 7.5807e+01 5.5692e+01
3.45760e-02 8.3422e+02 7.2792e+01 5.6068e+01
3.81946e-02 7.9152e+02 7.0767e+01 5.5497e+01
4.21918e-02 7.6933e+02 6.6711e+01 5.3265e+01
4.66074e-02 7.2019e+02 6.5325e+01 5.2790e+01
5.14850e-02 6.8220e+02 6.3818e+01 5.0180e+01
5.68732e-02 6.5973e+02 6.1234e+01 4.7444e+01
6.28252e-02 6.2018e+02 5.7746e+01 4.6024e+01
6.94001e-02 5.8649e+02 5.3808e+01 4.5397e+01
7.66632e-02 5.6296e+02 4.9758e+01 4.4817e+01
8.46863e-02 5.3087e+02 4.5805e+01 4.3874e+01
9.35491e-02 5.0751e+02 4.2063e+01 4.2460e+01
1.03339e-01 4.8212e+02 3.8584e+01 4.0633e+01
1.14154e-01 4.5346e+02 3.5384e+01 3.8514e+01
1.26101e-01 4.3938e+02 3.2455e+01 3.6232e+01
1.39298e-01 4.1840e+02 2.9776e+01 3.3897e+01
1.53876e-01 3.9344e+02 2.7313e+01 3.1598e+01
1.69980e-01 3.8000e+02 2.5026e+01 2.9393e+01
1.87769e-01 3.6301e+02 2.2884e+01 2.7296e+01
2.07420e-01 3.4716e+02 2.0891e+01 2.5267e+01
2.29128e-01 3.3685e+02 1.9060e+01 2.3293e+01
2.53107e-01 3.1932e+02 1.7395e+01 2.1399e+01
2.79596e-01 3.0421e+02 1.5888e+01 1.9614e+01
3.08857e-01 2.9824e+02 1.4521e+01 1.7960e+01
3.41180e-01 2.8829e+02 1.3278e+01 1.6444e+01
3.76886e-01 2.7572e+02 1.2145e+01 1.5060e+01
4.16329e-01 2.6828e+02 1.1106e+01 1.3801e+01
4.59899e-01 2.5961e+02 1.0148e+01 1.2656e+01
5.08030e-01 2.4775e+02 9.2671e+00 1.1602e+01
5.61197e-01 2.4091e+02 8.4606e+00 1.0627e+01
6.19929e-01 2.3878e+02 7.7258e+00 9.7216e+00
6.84807e-01 2.3337e+02 7.0590e+00 8.8847e+00
7.56475e-01 2.2438e+02 6.4550e+00 8.1150e+00
8.35644e-01 2.1761e+02 5.9084e+00 7.4107e+00
9.23098e-01 2.1379e+02 5.4137e+00 6.7693e+00
1.01970e+00 2.0880e+02 4.9653e+00 6.1872e+00
1.12642e+00 2.0150e+02 4.5582e+00 5.6599e+00
1.24431e+00 1.9533e+02 4.1878e+00 5.1828e+00
1.37453e+00 1.9286e+02 3.8499e+00 4.7509e+00
1.51838e+00 1.9254e+02 3.5409e+00 4.3597e+00
1.67728e+00 1.9093e+02 3.2575e+00 4.0047e+00
1.85282e+00 1.8657e+02 2.9970e+00 3.6819e+00
2.04672e+00 1.8077e+02 2.7569e+00 3.3875e+00
2.26092e+00 1.7574e+02 2.5352e+00 3.1184e+00
2.49754e+00 1.7254e+02 2.3301e+00 2.8717e+00
2.75892e+00 1.7057e+02 2.1400e+00 2.6449e+00
3.04765e+00 1.6845e+02 1.9636e+00 2.4358e+00
3.36660e+00 1.6519e+02 1.7998e+00 2.2425e+00
3.71893e+00 1.6078e+02 1.6476e+00 2.0636e+00
4.10813e+00 1.5603e+02 1.5063e+00 1.8974e+00
4.53806e+00 1.5195e+02 1.3751e+00 1.7431e+00
5.01299e+00 1.4925e+02 1.2533e+00 1.5995e+00
5.53762e+00 1.4803e+02 1.1404e+00 1.4658e+00
6.11716e+00 1.4787e+02 1.0358e+00 1.3414e+00
6.75735e+00 1.4811e+02 9.3918e-01 1.2257e+00
7.46453e+00 1.4803e+02 8.4991e-01 1.1181e+00
8.24573e+00 1.4718e+02 7.6763e-01 1.0182e+00
9.10868e+00 1.4534e+02 6.9192e-01 9.2548e-01
1.00619e+01 1.4259e+02 6.2239e-01 8.3962e-01
1.11150e+01 1.3915e+02 5.5868e-01 7.6022e-01
1.22782e+01 1.3536e+02 5.0043e-01 6.8692e-01
1.35632e+01 1.3154e+02 4.4728e-01 6.1938e-01
1.49826e+01 1.2795e+02 3.9890e-01 5.5729e-01
1.65506e+01 1.2476e+02 3.5498e-01 5.0032e-01
1.82827e+01 1.2204e+02 3.1520e-01 4.4819e-01
2.01961e+01 1.1980e+02 2.7926e-01 4.0058e-01
2.23097e+01 1.1796e+02 2.4688e-01 3.5723e-01
2.46445e+01 1.1644e+02 2.1777e-01 3.1785e-01
2.72236e+01 1.1512e+02 1.9168e-01 2.8216e-01
3.00727e+01 1.1390e+02 1.6835e-01 2.4992e-01
3.32200e+01 1.1266e+02 1.4754e-01 2.2086e-01
3.66966e+01 1.1133e+02 1.2903e-01 1.9474e-01
4.05370e+01 1.0985e+02 1.1261e-01 1.7133e-01
4.47794e+01 1.0818e+02 9.8081e-02 1.5040e-01
4.94658e+01 1.0629e+02 8.5254e-02 1.3174e-01
5.46426e+01 1.0419e+02 7.3960e-02 1.1515e-01
6.03612e+01 1.0188e+02 6.4040e-02 1.0044e-01
6.66783e+01 9.9374e+01 5.5348e-02 8.7433e-02
7.36564e+01 9.6691e+01 4.7749e-02 7.5955e-02
8.13649e+01 9.3857e+01 4.1121e-02 6.5855e-02
8.98801e+01 9.0899e+01 3.5354e-02 5.6989e-02
9.92864e+01 8.7845e+01 3.0345e-02 4.9227e-02
1.09677e+02 8.4723e+01 2.6005e-02 4.2445e-02
1.21155e+02 8.1558e+01 2.2251e-02 3.6534e-02
1.33835e+02 7.8373e+01 1.9012e-02 3.1394e-02
1.47841e+02 7.5190e+01 1.6221e-02 2.6934e-02
1.63314e+02 7.2026e+01 1.3821e-02 2.3071e-02
1.80405e+02 6.8898e+01 1.1761e-02 1.9733e-02
1.99285e+02 6.5820e+01 9.9955e-03 1.6853e-02
2.20141e+02 6.2805e+01 8.4851e-03 1.4374e-02
2.43180e+02 5.9863e+01 7.1947e-03 1.2244e-02
2.68630e+02 5.7001e+01 6.0940e-03 1.0416e-02
2.96743e+02 5.4227e+01 5.1564e-03 8.8503e-03
3.27799e+02 5.1546e+01 4.3587e-03 7.5113e-03
3.62104e+02 4.8960e+01 3.6810e-03 6.3679e-03
4.00000e+02 4.6472e+01 3.1059e-03 5.3929e-03
